OFFSET    Acpots      Backup      Healpots    Jonopua     Nate        Potiongirl  Potionguy                                       
+0x000    1869636417  1801675074  1818322248  1869508426  1702125902  1769238352  1769238352  0           0           0           
+0x004    29556       28789       1937010544  6387056     6356992     1768386159  1969712751  0           0           0           
+0x008    2006659897  2006659897  2006646784  2006646784  2006646784  27762       121         0           0           0           
+0x00C    79429632    79429632    79429632    79429632    79429632    79429632    79429632    0           0           0           
+0x010    0           0           0           0           0           0           0           0           0           0           
+0x014    287755192   287755192   287755192   287755192   287755192   287755192   287755192   0           0           0           
+0x018    14          14          14          14          14          14          14          0           0           0           
+0x01C    2           2           2           2           2           2           2           0           0           0           
+0x020    31946128    31946128    31946128    31946128    31946128    31946128    31946128    0           0           0           
+0x024    2006652028  2006652028  2006652028  2006652028  2006652028  2006652028  2006652028  0           0           0           
+0x028    79430232    79430232    79430232    79430232    79430232    79430232    0           0           0           0           
+0x02C    2006651943  2006651943  2006651943  2006651943  2006651943  2006651943  0           0           0           0           
+0x030    -951990573  -951990573  -951990573  -951990573  -951990573  -951990573  0           0           0           0           
+0x034    287755304   287755304   287755304   287755304   287755304   287755304   0           0           0           0           
+0x038    79429632    79429632    79429632    79429632    79429632    79429632    0           0           0           0           
+0x03C    0           0           0           0           0           0           0           0           0           0           
+0x040    31945737    31945730    31945730    31945730    31945730    31945737    0           0           0           0           
+0x044    12          12          12          11          12          1           0           0           0           0           
+0x048    -1325332223 -1325334015 -1325334015 -1325334015 -1325334015 -1325332223 0           0           0           0           
+0x04C    12          12          12          11          12          1           0           0           0           0           
+0x050    1           1           55          189         55          1           0           0           0           0           
+0x054    2006909696  2006909441  2006909953  2006909441  2006908928  2006910465  0           0           0           0           
+0x058    0           0           0           0           0           0           0           0           0           0           
+0x05C    0           0           0           0           0           0           0           0           0           0           
+0x060    0           0           0           0           0           0           0           0           0           0           
+0x064    0           0           0           0           0           0           0           0           0           0           
+0x068    0           0           0           0           0           0           0           0           0           0           
+0x06C    0           0           0           0           0           0           0           0           0           0           
+0x070    0           0           0           0           0           0           0           0           0           0           
+0x074    0           0           0           0           0           0           0           0           0           0           
+0x078    0           0           0           0           0           0           0           0           0           0           
+0x07C    0           0           0           0           0           0           0           0           0           0           
+0x080    0           0           0           0           0           0           0           0           0           0           
+0x084    0           0           0           0           0           0           0           0           0           0           
+0x088    0           0           0           0           0           0           0           0           0           0           
+0x08C    0           0           0           0           0           0           0           0           0           0           
+0x090    0           0           0           0           0           0           0           0           0           0           
+0x094    0           0           0           0           0           0           0           0           0           0           
+0x098    0           0           0           0           0           0           0           0           0           0           
+0x09C    0           0           0           0           0           0           0           0           0           0           
+0x0A0    0           0           0           0           0           0           0           0           0           0           
+0x0A4    0           0           0           0           0           0           0           0           0           0           
+0x0A8    0           0           0           0           0           0           0           0           0           0           
+0x0AC    0           0           0           0           0           0           0           0           0           0           
+0x0B0    0           0           0           0           0           0           0           0           0           0           
+0x0B4    0           0           0           0           0           0           0           0           0           0           
+0x0B8    0           0           0           0           0           0           0           0           0           0           
+0x0BC    0           0           0           0           0           0           0           0           0           0           
+0x0C0    0           0           0           0           0           0           0           0           0           0           
+0x0C4    0           0           0           0           0           0           0           0           0           0           
+0x0C8    0           0           0           0           0           0           0           0           0           0           
+0x0CC    0           0           0           0           0           0           0           0           0           0           
+0x0D0    0           0           0           0           0           0           0           0           0           0           
+0x0D4    0           0           0           0           0           0           0           0           0           0           
+0x0D8    0           0           0           0           0           0           0           0           0           0           
+0x0DC    0           0           0           0           0           0           0           0           0           0           
+0x0E0    0           0           0           0           0           0           0           0           0           0           
+0x0E4    5           7           7           0           8           5           0           0           0           0           
+0x0E8    0           0           0           0           0           0           0           0           0           0           
+0x0EC    0           0           0           0           0           0           0           0           0           0           
+0x0F0    0           0           0           0           0           0           0           0           0           0           
+0x0F4    0           0           0           0           0           0           0           0           0           0           
+0x0F8    36          12484       12484       0           209         36          0           0           0           0           
+0x0FC    0           0           0           0           0           0           0           0           0           0           
+0x100    0           0           0           0           0           0           0           0           0           0           
+0x104    0           0           0           0           0           0           0           0           0           0           
+0x108    0           0           0           0           0           0           0           0           0           0           
+0x10C    0           0           0           0           0           0           0           0           0           0           
+0x110    0           0           0           0           0           0           0           0           0           0           
+0x114    0           0           0           0           0           0           0           0           0           0           
+0x118    0           0           0           0           0           0           0           0           0           0           
+0x11C    0           0           0           0           0           0           0           0           0           0           
+0x120    0           0           0           0           0           0           0           0           0           0           
+0x124    0           0           0           0           0           0           0           0           0           0           
+0x128    0           0           0           0           0           0           0           0           0           0           
+0x12C    0           0           0           0           0           0           0           0           0           0           
+0x130    -16776961   -16776961   -16776961   -16776961   -16776961   -16776961   0           0           0           0           
+0x134    0           0           0           0           0           0           0           0           0           0           
+0x138    0           0           0           0           0           0           0           0           0           0           
+0x13C    0           0           0           0           0           0           0           0           0           0           
+0x140    5           7           7           0           8           5           0           0           0           0           
+0x144    36          12484       12484       0           209         36          0           0           0           0           
+0x148    -1          -1          -1          -1          -1          16843278    0           0           0           0           
+0x14C    65535       65281       65281       65535       65281       515         0           0           0           0           
+0x150    0           0           0           0           0           0           0           0           0           0           
+0x154    287768576   287768576   287768576   287768576   287768576   287768576   0           0           0           0           
+0x158    0           0           0           0           0           0           0           0           0           0           
+0x15C    1266651393  1266651393  1266651393  1266651393  1266651393  1266651393  0           0           0           0           
